Q-Axis Inductance 
Iq (A)
Lq (mH)
0.000000	0.320932
31.020274	0.325425
62.040549	0.323591
93.060823	0.311159
124.081097	0.300424
155.101372	0.292179
186.121646	0.284593
217.141921	0.277032
248.162195	0.270276
279.182469	0.265325
310.202744	0.261173
Id = 0.000000
0.000000	0.320871
31.020274	0.325191
62.040549	0.323462
93.060823	0.311218
124.081097	0.300460
155.101372	0.292213
186.121646	0.284514
217.141921	0.276926
248.162195	0.270271
279.182469	0.265278
310.202744	0.261188
Id = 31.020274
0.000000	0.321748
31.020274	0.323828
62.040549	0.323017
93.060823	0.311397
124.081097	0.300550
155.101372	0.292334
186.121646	0.284305
217.141921	0.276735
248.162195	0.270207
279.182469	0.265175
310.202744	0.261194
Id = 62.040549
0.000000	0.324223
31.020274	0.323061
62.040549	0.322550
93.060823	0.311621
124.081097	0.300634
155.101372	0.292353
186.121646	0.284030
217.141921	0.276520
248.162195	0.270026
279.182469	0.265065
310.202744	0.261171
Id = 93.060823
0.000000	0.325373
31.020274	0.322448
62.040549	0.322362
93.060823	0.311817
124.081097	0.300680
155.101372	0.292360
186.121646	0.283710
217.141921	0.276184
248.162195	0.269831
279.182469	0.264896
310.202744	0.261124
Id = 124.081097
0.000000	0.326053
31.020274	0.321797
62.040549	0.322287
93.060823	0.312039
124.081097	0.300724
155.101372	0.292283
186.121646	0.283453
217.141921	0.275843
248.162195	0.269597
279.182469	0.264722
310.202744	0.261024
Id = 155.101372
0.000000	0.325549
31.020274	0.321311
62.040549	0.322253
93.060823	0.312149
124.081097	0.300762
155.101372	0.292153
186.121646	0.283226
217.141921	0.275519
248.162195	0.269372
279.182469	0.264514
310.202744	0.260909
Id = 186.121646
0.000000	0.325219
31.020274	0.320827
62.040549	0.322093
93.060823	0.312231
124.081097	0.300828
155.101372	0.291989
186.121646	0.283015
217.141921	0.275247
248.162195	0.269176
279.182469	0.264378
310.202744	0.260776
Id = 217.141921
0.000000	0.324844
31.020274	0.320411
62.040549	0.321740
93.060823	0.312307
124.081097	0.300888
155.101372	0.291826
186.121646	0.282791
217.141921	0.275010
248.162195	0.269004
279.182469	0.264258
310.202744	0.260675
Id = 248.162195
0.000000	0.324359
31.020274	0.320028
62.040549	0.321398
93.060823	0.312401
124.081097	0.300936
155.101372	0.291653
186.121646	0.282556
217.141921	0.274811
248.162195	0.268860
279.182469	0.264154
310.202744	0.260570
Id = 279.182469
0.000000	0.323947
31.020274	0.320040
62.040549	0.321086
93.060823	0.312590
124.081097	0.301032
155.101372	0.291526
186.121646	0.282377
217.141921	0.274635
248.162195	0.268752
279.182469	0.264077
310.202744	0.260481
Id = 310.202744
