D-Axis Inductance 
Iq (A)
Id (mH)
0.000000	0.332868
31.020274	0.333383
62.040549	0.332981
93.060823	0.331875
124.081097	0.331688
155.101372	0.332157
186.121646	0.331737
217.141921	0.331502
248.162195	0.330697
279.182469	0.331018
310.202744	0.330754
Id = 0.000000
0.000000	0.332868
31.020274	0.333353
62.040549	0.333136
93.060823	0.332144
124.081097	0.331688
155.101372	0.331647
186.121646	0.331707
217.141921	0.331398
248.162195	0.331137
279.182469	0.330978
310.202744	0.330790
Id = 31.020274
0.000000	0.333177
31.020274	0.333385
62.040549	0.333252
93.060823	0.332365
124.081097	0.331956
155.101372	0.331851
186.121646	0.331739
217.141921	0.331524
248.162195	0.331313
279.182469	0.331153
310.202744	0.331011
Id = 62.040549
0.000000	0.333580
31.020274	0.333409
62.040549	0.333351
93.060823	0.332729
124.081097	0.332336
155.101372	0.332065
186.121646	0.331905
217.141921	0.331850
248.162195	0.331710
279.182469	0.331576
310.202744	0.331461
Id = 93.060823
0.000000	0.333786
31.020274	0.333405
62.040549	0.333512
93.060823	0.333056
124.081097	0.332739
155.101372	0.332468
186.121646	0.332230
217.141921	0.332198
248.162195	0.332075
279.182469	0.331972
310.202744	0.331876
Id = 124.081097
0.000000	0.333839
31.020274	0.333370
62.040549	0.333588
93.060823	0.333198
124.081097	0.332910
155.101372	0.332673
186.121646	0.332413
217.141921	0.332313
248.162195	0.332209
279.182469	0.332107
310.202744	0.332018
Id = 155.101372
0.000000	0.333688
31.020274	0.333378
62.040549	0.333551
93.060823	0.333186
124.081097	0.332895
155.101372	0.332673
186.121646	0.332389
217.141921	0.332218
248.162195	0.332057
279.182469	0.331937
310.202744	0.331837
Id = 186.121646
0.000000	0.333307
31.020274	0.333037
62.040549	0.333164
93.060823	0.332771
124.081097	0.332412
155.101372	0.332151
186.121646	0.331829
217.141921	0.331638
248.162195	0.331470
279.182469	0.331308
310.202744	0.331147
Id = 217.141921
0.000000	0.331861
31.020274	0.331654
62.040549	0.331682
93.060823	0.331319
124.081097	0.330954
155.101372	0.330617
186.121646	0.330257
217.141921	0.329989
248.162195	0.329777
279.182469	0.329576
310.202744	0.329372
Id = 248.162195
0.000000	0.328948
31.020274	0.328742
62.040549	0.328702
93.060823	0.328324
124.081097	0.327961
155.101372	0.327601
186.121646	0.327230
217.141921	0.326949
248.162195	0.326711
279.182469	0.326493
310.202744	0.326265
Id = 279.182469
0.000000	0.323580
31.020274	0.323509
62.040549	0.323552
93.060823	0.323199
124.081097	0.322805
155.101372	0.322526
186.121646	0.322345
217.141921	0.322200
248.162195	0.322057
279.182469	0.321832
310.202744	0.321613
Id = 310.202744
