Input RMS Current vs Torque Angle
Torque Angle -0 (elec. degrees)

Current (A)
0	0.634573
0.9	0.634574
1.8	0.634575
2.7	0.634575
3.6	0.634576
4.5	0.634577
5.4	0.634577
6.3	0.634578
7.2	0.634579
8.1	0.634579
9	0.634580
9.9	0.634581
10.8	0.634581
11.7	0.634582
12.6	0.634582
13.5	0.634583
14.4	0.634584
15.3	0.634584
16.2	0.634585
17.1	0.634585
18	0.634586
18.9	0.634587
19.8	0.634587
20.7	0.634588
21.6	0.634588
22.5	0.634589
23.4	0.634589
24.3	0.634590
25.2	0.634590
26.1	0.634590
27	0.634591
27.9	0.634591
28.8	0.634592
29.7	0.634592
30.6	0.634592
31.5	0.634593
32.4	0.634593
33.3	0.634593
34.2	0.634593
35.1	0.634594
36	0.634594
36.9	0.634594
37.8	0.634594
38.7	0.634594
39.6	0.634595
40.5	0.634595
41.4	0.634595
42.3	0.634595
43.2	0.634595
44.1	0.634595
45	0.634595
45.9	0.634595
46.8	0.634595
47.7	0.634595
48.6	0.634595
49.5	0.634595
50.4	0.634595
51.3	0.634594
52.2	0.634594
53.1	0.634594
54	0.634594
54.9	0.634594
55.8	0.634594
56.7	0.634593
57.6	0.634593
58.5	0.634593
59.4	0.634592
60.3	0.634592
61.2	0.634592
62.1	0.634591
63	0.634591
63.9	0.634591
64.8	0.634590
65.7	0.634590
66.6	0.634589
67.5	0.634589
68.4	0.634588
69.3	0.634588
70.2	0.634587
71.1	0.634587
72	0.634586
72.9	0.634586
73.8	0.634585
74.7	0.634584
75.6	0.634584
76.5	0.634583
77.4	0.634583
78.3	0.634582
79.2	0.634581
80.1	0.634581
81	0.634580
81.9	0.634579
82.8	0.634579
83.7	0.634578
84.6	0.634577
85.5	0.634577
86.4	0.634576
87.3	0.634575
88.2	0.634575
89.1	0.634574
90	0.634573
Input RMS Current
