DQ Inductance vs Torque Angle
Torque Angle -0 (elec. degrees)

Inductance (mH)
0	0.332883
0.9	0.332883
1.8	0.332883
2.7	0.332883
3.6	0.332883
4.5	0.332883
5.4	0.332883
6.3	0.332883
7.2	0.332883
8.1	0.332883
9	0.332883
9.9	0.332882
10.8	0.332882
11.7	0.332882
12.6	0.332882
13.5	0.332882
14.4	0.332882
15.3	0.332882
16.2	0.332882
17.1	0.332882
18	0.332882
18.9	0.332882
19.8	0.332882
20.7	0.332882
21.6	0.332882
22.5	0.332882
23.4	0.332881
24.3	0.332881
25.2	0.332881
26.1	0.332881
27	0.332881
27.9	0.332881
28.8	0.332881
29.7	0.332881
30.6	0.332881
31.5	0.332881
32.4	0.332880
33.3	0.332880
34.2	0.332880
35.1	0.332880
36	0.332880
36.9	0.332880
37.8	0.332880
38.7	0.332879
39.6	0.332879
40.5	0.332879
41.4	0.332879
42.3	0.332879
43.2	0.332879
44.1	0.332879
45	0.332878
45.9	0.332878
46.8	0.332878
47.7	0.332878
48.6	0.332878
49.5	0.332877
50.4	0.332877
51.3	0.332877
52.2	0.332877
53.1	0.332877
54	0.332877
54.9	0.332876
55.8	0.332876
56.7	0.332876
57.6	0.332876
58.5	0.332876
59.4	0.332875
60.3	0.332875
61.2	0.332875
62.1	0.332875
63	0.332875
63.9	0.332874
64.8	0.332874
65.7	0.332874
66.6	0.332874
67.5	0.332874
68.4	0.332873
69.3	0.332873
70.2	0.332873
71.1	0.332873
72	0.332872
72.9	0.332872
73.8	0.332872
74.7	0.332872
75.6	0.332872
76.5	0.332871
77.4	0.332871
78.3	0.332871
79.2	0.332871
80.1	0.332870
81	0.332870
81.9	0.332870
82.8	0.332870
83.7	0.332869
84.6	0.332869
85.5	0.332869
86.4	0.332869
87.3	0.332869
88.2	0.332868
89.1	0.332868
90	0.332868
Ld
0	0.321059
0.9	0.321059
1.8	0.321059
2.7	0.321059
3.6	0.321059
4.5	0.321058
5.4	0.321058
6.3	0.321058
7.2	0.321058
8.1	0.321057
9	0.321057
9.9	0.321057
10.8	0.321056
11.7	0.321056
12.6	0.321055
13.5	0.321055
14.4	0.321054
15.3	0.321054
16.2	0.321053
17.1	0.321053
18	0.321052
18.9	0.321051
19.8	0.321051
20.7	0.321050
21.6	0.321049
22.5	0.321049
23.4	0.321048
24.3	0.321047
25.2	0.321046
26.1	0.321045
27	0.321044
27.9	0.321043
28.8	0.321042
29.7	0.321041
30.6	0.321040
31.5	0.321039
32.4	0.321038
33.3	0.321037
34.2	0.321036
35.1	0.321035
36	0.321034
36.9	0.321032
37.8	0.321031
38.7	0.321030
39.6	0.321029
40.5	0.321027
41.4	0.321026
42.3	0.321025
43.2	0.321023
44.1	0.321022
45	0.321020
45.9	0.321019
46.8	0.321018
47.7	0.321016
48.6	0.321015
49.5	0.321013
50.4	0.321012
51.3	0.321010
52.2	0.321008
53.1	0.321007
54	0.321005
54.9	0.321004
55.8	0.321002
56.7	0.321000
57.6	0.320998
58.5	0.320997
59.4	0.320995
60.3	0.320993
61.2	0.320992
62.1	0.320990
63	0.320988
63.9	0.320986
64.8	0.320984
65.7	0.320983
66.6	0.320981
67.5	0.320979
68.4	0.320977
69.3	0.320975
70.2	0.320973
71.1	0.320971
72	0.320970
72.9	0.320968
73.8	0.320966
74.7	0.320964
75.6	0.320962
76.5	0.320960
77.4	0.320958
78.3	0.320956
79.2	0.320954
80.1	0.320952
81	0.320950
81.9	0.320948
82.8	0.320946
83.7	0.320944
84.6	0.320942
85.5	0.320940
86.4	0.320938
87.3	0.320936
88.2	0.320934
89.1	0.320932
90	0.320930
Lq
