Output Power vs Torque Angle
Torque Angle -0 (elec. degrees)

Power (W)
0	-1.999959
0.9	-2.000311
1.8	-2.000663
2.7	-2.001014
3.6	-2.001365
4.5	-2.001714
5.4	-2.002062
6.3	-2.002407
7.2	-2.002750
8.1	-2.003090
9	-2.003428
9.9	-2.003762
10.8	-2.004092
11.7	-2.004418
12.6	-2.004740
13.5	-2.005058
14.4	-2.005370
15.3	-2.005677
16.2	-2.005979
17.1	-2.006274
18	-2.006564
18.9	-2.006847
19.8	-2.007123
20.7	-2.007393
21.6	-2.007655
22.5	-2.007910
23.4	-2.008157
24.3	-2.008395
25.2	-2.008626
26.1	-2.008848
27	-2.009062
27.9	-2.009266
28.8	-2.009462
29.7	-2.009648
30.6	-2.009825
31.5	-2.009992
32.4	-2.010149
33.3	-2.010297
34.2	-2.010434
35.1	-2.010561
36	-2.010677
36.9	-2.010783
37.8	-2.010879
38.7	-2.010964
39.6	-2.011037
40.5	-2.011101
41.4	-2.011153
42.3	-2.011194
43.2	-2.011224
44.1	-2.011243
45	-2.011251
45.9	-2.011248
46.8	-2.011234
47.7	-2.011209
48.6	-2.011173
49.5	-2.011126
50.4	-2.011067
51.3	-2.010998
52.2	-2.010918
53.1	-2.010828
54	-2.010726
54.9	-2.010614
55.8	-2.010492
56.7	-2.010359
57.6	-2.010215
58.5	-2.010062
59.4	-2.009899
60.3	-2.009726
61.2	-2.009543
62.1	-2.009351
63	-2.009150
63.9	-2.008939
64.8	-2.008720
65.7	-2.008492
66.6	-2.008256
67.5	-2.008011
68.4	-2.007758
69.3	-2.007498
70.2	-2.007230
71.1	-2.006955
72	-2.006673
72.9	-2.006385
73.8	-2.006090
74.7	-2.005789
75.6	-2.005482
76.5	-2.005169
77.4	-2.004852
78.3	-2.004529
79.2	-2.004203
80.1	-2.003871
81	-2.003536
81.9	-2.003197
82.8	-2.002855
83.7	-2.002511
84.6	-2.002163
85.5	-2.001813
86.4	-2.001462
87.3	-2.001109
88.2	-2.000754
89.1	-2.000399
90	-2.000043
Output Power
