Output Torque vs Torque Angle
Torque Angle -0 (elec. degrees)

Torque (N.m)
0	-0.006366
0.9	-0.006367
1.8	-0.006368
2.7	-0.006369
3.6	-0.006371
4.5	-0.006372
5.4	-0.006373
6.3	-0.006374
7.2	-0.006375
8.1	-0.006376
9	-0.006377
9.9	-0.006378
10.8	-0.006379
11.7	-0.006380
12.6	-0.006381
13.5	-0.006382
14.4	-0.006383
15.3	-0.006384
16.2	-0.006385
17.1	-0.006386
18	-0.006387
18.9	-0.006388
19.8	-0.006389
20.7	-0.006390
21.6	-0.006391
22.5	-0.006391
23.4	-0.006392
24.3	-0.006393
25.2	-0.006394
26.1	-0.006394
27	-0.006395
27.9	-0.006396
28.8	-0.006396
29.7	-0.006397
30.6	-0.006397
31.5	-0.006398
32.4	-0.006399
33.3	-0.006399
34.2	-0.006399
35.1	-0.006400
36	-0.006400
36.9	-0.006401
37.8	-0.006401
38.7	-0.006401
39.6	-0.006401
40.5	-0.006402
41.4	-0.006402
42.3	-0.006402
43.2	-0.006402
44.1	-0.006402
45	-0.006402
45.9	-0.006402
46.8	-0.006402
47.7	-0.006402
48.6	-0.006402
49.5	-0.006402
50.4	-0.006401
51.3	-0.006401
52.2	-0.006401
53.1	-0.006401
54	-0.006400
54.9	-0.006400
55.8	-0.006400
56.7	-0.006399
57.6	-0.006399
58.5	-0.006398
59.4	-0.006398
60.3	-0.006397
61.2	-0.006397
62.1	-0.006396
63	-0.006395
63.9	-0.006395
64.8	-0.006394
65.7	-0.006393
66.6	-0.006392
67.5	-0.006392
68.4	-0.006391
69.3	-0.006390
70.2	-0.006389
71.1	-0.006388
72	-0.006387
72.9	-0.006387
73.8	-0.006386
74.7	-0.006385
75.6	-0.006384
76.5	-0.006383
77.4	-0.006382
78.3	-0.006381
79.2	-0.006380
80.1	-0.006379
81	-0.006377
81.9	-0.006376
82.8	-0.006375
83.7	-0.006374
84.6	-0.006373
85.5	-0.006372
86.4	-0.006371
87.3	-0.006370
88.2	-0.006369
89.1	-0.006367
90	-0.006366
Output Torque
